Mon Oct  5 09:06:03 -05 2026
26869   0.2  0.0   7984
23405   0.3  0.1   9056
Mon Oct  5 09:06:08 -05 2026
26869   0.3  0.0   7984
23405   0.1  0.1   9056
Mon Oct  5 09:06:13 -05 2026
26869   0.3  0.0   7984
23405   0.3  0.1   9056
Mon Oct  5 09:06:18 -05 2026
26869   0.1  0.0   7984
23405   0.2  0.1   9056
Mon Oct  5 09:06:23 -05 2026
26869   0.2  0.0   7984
23405   0.2  0.1   9056
Mon Oct  5 09:06:28 -05 2026
26869   0.2  0.0   7984
23405   0.2  0.1   9056
Mon Oct  5 09:06:33 -05 2026
26869   0.2  0.0   7984
23405   0.2  0.1   9056
Mon Oct  5 09:06:38 -05 2026
26869   0.1  0.0   7984
23405   0.1  0.1   9056
Mon Oct  5 09:06:43 -05 2026
26869   0.1  0.0   7984
23405   0.1  0.1   9056
Mon Oct  5 09:06:48 -05 2026
26869   0.3  0.0   7984
23405   0.2  0.1   9056
Mon Oct  5 09:06:53 -05 2026
26869   2.3  0.1  21536
23405  12.9  0.5  81904
Mon Oct  5 09:06:58 -05 2026
26869  13.3  0.1  21296
23405  93.1  0.5  89888
Mon Oct  5 09:07:04 -05 2026
26869   5.1  0.1  21504
23405  30.4  0.4  67936
Mon Oct  5 09:07:09 -05 2026
26869  12.5  0.1  21456
23405  91.6  0.6  99280
Mon Oct  5 09:07:14 -05 2026
26869   6.8  0.1  21184
23405  35.0  0.5  86432
Mon Oct  5 09:07:19 -05 2026
26869   3.5  0.1  21456
23405  40.9  0.4  65680
Mon Oct  5 09:07:24 -05 2026
26869   8.7  0.1  21232
23405  51.3  0.5  83856
Mon Oct  5 09:07:29 -05 2026
26869  11.2  0.1  21280
23405  84.8  0.5  85472
Mon Oct  5 09:07:34 -05 2026
26869   1.4  0.1  21472
23405   9.8  0.6 100736
Mon Oct  5 09:07:39 -05 2026
26869   2.2  0.1  21264
23405  23.4  0.5  82688
Mon Oct  5 09:07:44 -05 2026
26869   4.6  0.1  21312
23405  33.6  0.4  72288
Mon Oct  5 09:07:49 -05 2026
26869   3.9  0.1  21280
23405  35.8  0.4  69680
Mon Oct  5 09:07:54 -05 2026
26869   6.2  0.1  21296
23405  52.3  0.5  85808
Mon Oct  5 09:07:59 -05 2026
26869   6.6  0.1  21328
23405  48.7  0.5  86640
Mon Oct  5 09:08:04 -05 2026
26869   3.8  0.1  21104
23405  30.9  0.5  87536
Mon Oct  5 09:08:09 -05 2026
26869   2.5  0.2  32272
23405  14.2  0.4  69136
Mon Oct  5 09:08:14 -05 2026
26869   2.4  0.2  32272
23405  17.9  0.4  61264
Mon Oct  5 09:08:19 -05 2026
26869   2.7  0.1  21392
23405  22.0  0.4  67520
Mon Oct  5 09:08:24 -05 2026
26869   7.0  0.1  21376
23405  59.6  0.4  64672
Mon Oct  5 09:08:29 -05 2026
26869   7.3  0.1  21328
23405  63.8  0.4  60992
Mon Oct  5 09:08:34 -05 2026
26869   3.8  0.1  21232
23405  32.5  0.4  59536
Mon Oct  5 09:08:39 -05 2026
26869   3.7  0.1  21056
23405  28.7  0.4  61056
Mon Oct  5 09:08:44 -05 2026
26869   5.0  0.1  20976
23405  46.6  0.3  51104
Mon Oct  5 09:08:50 -05 2026
26869   8.6  0.1  21040
23405  72.7  0.4  60416
Mon Oct  5 09:08:55 -05 2026
26869   6.8  0.1  21200
23405  49.0  0.4  59536
Mon Oct  5 09:09:00 -05 2026
26869   1.3  0.1  21216
23405  11.8  0.3  44896
Mon Oct  5 09:09:05 -05 2026
26869   1.3  0.1  20848
23405  11.1  0.3  45104
Mon Oct  5 09:09:10 -05 2026
26869   2.5  0.1  21120
23405  22.9  0.4  59120
Mon Oct  5 09:09:15 -05 2026
26869   1.0  0.1  21168
23405  11.2  0.3  57072
Mon Oct  5 09:09:20 -05 2026
26869   1.8  0.1  21664
23405   8.0  0.4  74800
Mon Oct  5 09:09:26 -05 2026
26869   2.5  0.1  21152
23405  36.2  0.5  80528
Mon Oct  5 09:09:31 -05 2026
26869   6.1  0.1  21456
23405  25.3  0.4  71840
Mon Oct  5 09:09:36 -05 2026
26869   4.0  0.1  21440
23405  43.2  0.5  89120
Mon Oct  5 09:09:41 -05 2026
26869   3.9  0.1  21296
23405  29.0  0.6  95616
Mon Oct  5 09:09:46 -05 2026
26869   8.6  0.1  21488
23405  78.6  0.5  80112
Mon Oct  5 09:09:51 -05 2026
26869   2.4  0.1  21488
23405  14.9  0.6 100784
Mon Oct  5 09:09:56 -05 2026
26869  13.2  0.2  32688
23405  96.4  0.6  94736
Mon Oct  5 09:10:01 -05 2026
26869   4.3  0.2  32304
23405  34.1  0.4  70736
Mon Oct  5 09:10:06 -05 2026
26869   8.5  0.1  21376
23405  68.3  0.4  66176
Mon Oct  5 09:10:11 -05 2026
26869   1.9  0.1  21408
23405  11.3  0.5  88816
Mon Oct  5 09:10:16 -05 2026
26869   4.0  0.1  21472
23405  39.2  0.6  93696
Mon Oct  5 09:10:21 -05 2026
26869   7.0  0.1  21376
23405  49.8  0.6  92576
Mon Oct  5 09:10:26 -05 2026
26869   2.5  0.1  21344
23405  22.9  0.6 103456
Mon Oct  5 09:10:31 -05 2026
26869   7.9  0.1  21440
23405  62.6  0.5  81952
Mon Oct  5 09:10:36 -05 2026
26869   5.3  0.1  21360
23405  36.7  0.3  57888
Mon Oct  5 09:10:41 -05 2026
26869   9.0  0.1  21216
23405  54.2  0.4  64496
Mon Oct  5 09:10:46 -05 2026
26869  11.1  0.1  21424
23405  81.9  0.3  55312
Mon Oct  5 09:10:51 -05 2026
26869   4.4  0.1  21392
23405  31.6  0.4  71488
Mon Oct  5 09:10:56 -05 2026
26869   3.8  0.1  21248
23405  23.4  0.4  58960
Mon Oct  5 09:11:01 -05 2026
26869   7.0  0.1  21312
23405  57.6  0.4  62736
Mon Oct  5 09:11:06 -05 2026
26869   4.7  0.1  21184
23405  29.0  0.4  68256
Mon Oct  5 09:11:12 -05 2026
26869   2.3  0.1  21360
23405  20.4  0.3  52864
Mon Oct  5 09:11:17 -05 2026
26869   2.2  0.1  21312
23405  16.3  0.3  55728
Mon Oct  5 09:11:22 -05 2026
26869   6.8  0.1  21360
23405  45.2  0.4  66720
Mon Oct  5 09:11:27 -05 2026
26869   4.5  0.1  21392
23405  40.9  0.5  76960
Mon Oct  5 09:11:32 -05 2026
26869   1.8  0.2  32496
23405  12.8  0.5  84176
Mon Oct  5 09:11:37 -05 2026
26869   3.5  0.2  32288
23405  26.1  0.4  73104
Mon Oct  5 09:11:42 -05 2026
26869   6.3  0.1  21296
23405  45.2  0.4  64320
Mon Oct  5 09:11:47 -05 2026
26869   7.7  0.1  21264
23405  68.8  0.4  69344
Mon Oct  5 09:11:52 -05 2026
26869   0.2  0.1  21248
23405   0.4  0.4  68208
Mon Oct  5 09:11:57 -05 2026
26869   0.2  0.1   9264
23405   0.2  0.2  28720
Mon Oct  5 09:12:02 -05 2026
26869   0.2  0.1   8464
23405   0.1  0.1  16336
Mon Oct  5 09:12:07 -05 2026
26869   0.1  0.0   8016
23405   0.2  0.1   9136
Mon Oct  5 09:12:12 -05 2026
26869   0.2  0.0   8016
23405   0.1  0.1   9136
Mon Oct  5 09:12:17 -05 2026
26869   0.2  0.0   8016
23405   0.2  0.1   9104
Mon Oct  5 09:12:22 -05 2026
26869   0.3  0.0   8016
23405   0.1  0.1   9104
Mon Oct  5 09:12:27 -05 2026
26869   0.2  0.0   8016
23405   0.1  0.1   9104
Mon Oct  5 09:12:32 -05 2026
26869   0.2  0.0   8016
23405   0.6  0.1  24000
Mon Oct  5 09:12:37 -05 2026
26869   0.1  0.0   8016
23405   0.1  0.1   9088
Mon Oct  5 09:12:43 -05 2026
26869   0.3  0.0   8016
23405   0.2  0.1   9088
