Mon Oct  5 09:16:56 -05 2026
31765   0.1  0.1  18240
31684   0.1  0.2  26848
Mon Oct  5 09:17:01 -05 2026
31765   0.2  0.1  18080
31684   0.2  0.2  26560
Mon Oct  5 09:17:06 -05 2026
31765   0.3  0.1  17632
31684   0.2  0.1  18592
Mon Oct  5 09:17:12 -05 2026
31765   0.1  0.1  18032
31684   0.1  0.2  26240
Mon Oct  5 09:17:17 -05 2026
31765   0.1  0.1  17296
31684   0.1  0.2  26384
Mon Oct  5 09:17:22 -05 2026
31765   0.1  0.1  18000
31684   0.1  0.1  19360
Mon Oct  5 09:17:27 -05 2026
31765   0.1  0.1  16992
31684   0.1  0.2  25328
Mon Oct  5 09:17:32 -05 2026
31765   0.2  0.1  16992
31684   0.3  0.2  25248
Mon Oct  5 09:17:37 -05 2026
31765   0.1  0.1  17040
31684   0.2  0.1  25056
Mon Oct  5 09:17:42 -05 2026
31765   0.3  0.1  17200
31684   0.3  0.1  18400
Mon Oct  5 09:17:47 -05 2026
31765   0.1  0.1  17248
31684   0.1  0.2  25248
Mon Oct  5 09:17:52 -05 2026
31765   0.2  0.1  17040
31684   0.1  0.2  25360
Mon Oct  5 09:17:57 -05 2026
31765   0.3  0.1  17040
31684   0.3  0.2  25264
Mon Oct  5 09:18:03 -05 2026
31765   0.2  0.1  17088
31684   0.2  0.2  25568
Mon Oct  5 09:18:08 -05 2026
31765   0.3  0.1  16896
31684   0.2  0.1  25152
Mon Oct  5 09:18:13 -05 2026
31765   0.3  0.1  16896
31684   0.4  0.1  18240
Mon Oct  5 09:18:18 -05 2026
31765   0.1  0.1  16960
31684   0.1  0.2  25296
Mon Oct  5 09:18:23 -05 2026
31765   0.2  0.1  17008
31684   0.2  0.2  25264
Mon Oct  5 09:18:28 -05 2026
31765   0.1  0.1  17008
31684   0.1  0.2  25392
Mon Oct  5 09:18:33 -05 2026
31765   0.1  0.1  17056
31684   0.2  0.1  25088
Mon Oct  5 09:18:38 -05 2026
31765   0.2  0.1  16992
31684   0.1  0.1  18464
Mon Oct  5 09:18:43 -05 2026
31765   0.1  0.1  17056
31684   0.1  0.2  25600
Mon Oct  5 09:18:48 -05 2026
31765   0.2  0.1  17184
31684   0.2  0.2  25536
Mon Oct  5 09:18:53 -05 2026
31765   0.1  0.1  17216
31684   0.2  0.2  25408
Mon Oct  5 09:18:58 -05 2026
31765   0.1  0.1  17008
31684   0.2  0.1  18256
Mon Oct  5 09:19:03 -05 2026
31765   0.1  0.1  16992
31684   0.1  0.1  18080
Mon Oct  5 09:19:08 -05 2026
31765   0.1  0.1  15712
31684   0.1  0.1  16800
Mon Oct  5 09:19:14 -05 2026
31765   0.0  0.1  15744
31684   0.1  0.1  16864
Mon Oct  5 09:19:19 -05 2026
31765   0.2  0.1  15664
31684   0.3  0.1  24032
Mon Oct  5 09:19:24 -05 2026
31765   0.1  0.1  15712
31684   0.1  0.1  17088
Mon Oct  5 09:19:29 -05 2026
31765  25.3  0.3  43136
31684  82.8  0.5  80256
Mon Oct  5 09:19:34 -05 2026
31765  35.4  0.2  37456
31684 108.4  0.5  79824
Mon Oct  5 09:19:39 -05 2026
31765  22.8  0.2  38144
31684  78.5  0.4  68080
Mon Oct  5 09:19:44 -05 2026
31765   3.9  0.2  36448
31684  20.4  0.4  61408
Mon Oct  5 09:19:49 -05 2026
31765  19.2  0.2  33504
31684  60.9  0.4  70272
Mon Oct  5 09:19:54 -05 2026
31765  29.8  0.2  34224
31684  67.0  0.4  75200
Mon Oct  5 09:19:59 -05 2026
31765  19.9  0.2  34512
31684  67.2  0.5  85296
Mon Oct  5 09:20:04 -05 2026
31765  16.7  0.2  34432
31684  63.7  0.4  68912
Mon Oct  5 09:20:09 -05 2026
31765  22.0  0.2  34048
31684  70.4  0.5  76128
Mon Oct  5 09:20:14 -05 2026
31765  13.1  0.2  34240
31684  43.9  0.4  62544
Mon Oct  5 09:20:19 -05 2026
31765   9.6  0.2  34176
31684  30.4  0.4  71648
Mon Oct  5 09:20:25 -05 2026
31765  17.2  0.3  48880
31684  64.3  0.4  62960
Mon Oct  5 09:20:30 -05 2026
31765   9.2  0.2  34128
31684  31.5  0.5  76752
Mon Oct  5 09:20:35 -05 2026
31765  15.1  0.2  34144
31684  49.7  0.4  64768
Mon Oct  5 09:20:40 -05 2026
31765  14.0  0.2  34128
31684  49.7  0.4  73728
Mon Oct  5 09:20:45 -05 2026
31765   9.6  0.2  34272
31684  40.4  0.4  62208
Mon Oct  5 09:20:50 -05 2026
31765   2.5  0.2  31424
31684  20.4  0.4  68592
Mon Oct  5 09:20:55 -05 2026
31765   8.9  0.3  48848
31684  30.8  0.4  67120
Mon Oct  5 09:21:00 -05 2026
31765  22.2  0.2  34032
31684  59.5  0.4  61952
Mon Oct  5 09:21:05 -05 2026
31765  16.7  0.2  34432
31684  61.3  0.4  63808
Mon Oct  5 09:21:11 -05 2026
31765  21.8  0.2  33888
31684  72.0  0.4  72976
Mon Oct  5 09:21:16 -05 2026
31765  12.2  0.2  34176
31684  43.9  0.4  59952
Mon Oct  5 09:21:21 -05 2026
31765  15.3  0.2  34240
31684  60.4  0.4  73344
Mon Oct  5 09:21:26 -05 2026
31765  19.8  0.2  34096
31684  70.5  0.4  71184
Mon Oct  5 09:21:31 -05 2026
31765  20.7  0.3  48880
31684  66.3  0.5  81200
Mon Oct  5 09:21:36 -05 2026
31765  11.1  0.3  49088
31684  35.0  0.5  77840
Mon Oct  5 09:21:41 -05 2026
31765  19.0  0.2  34400
31684  64.9  0.5  79216
Mon Oct  5 09:21:46 -05 2026
31765  20.7  0.2  34144
31684  69.5  0.4  75024
Mon Oct  5 09:21:51 -05 2026
31765  15.2  0.2  34208
31684  60.0  0.5  76240
Mon Oct  5 09:21:56 -05 2026
31765   8.9  0.2  34384
31684  33.1  0.4  75408
Mon Oct  5 09:22:01 -05 2026
31765  13.4  0.2  33728
31684  51.2  0.4  74336
Mon Oct  5 09:22:06 -05 2026
31765  18.9  0.3  48912
31684  61.6  0.4  72592
Mon Oct  5 09:22:11 -05 2026
31765  20.7  0.2  33984
31684  68.4  0.4  61696
Mon Oct  5 09:22:16 -05 2026
31765  21.5  0.2  34192
31684  63.8  0.4  74416
Mon Oct  5 09:22:21 -05 2026
31765   8.9  0.2  33488
31684  50.6  0.4  62160
Mon Oct  5 09:22:26 -05 2026
31765  22.9  0.2  33760
31684  74.2  0.5  81792
Mon Oct  5 09:22:31 -05 2026
31765   3.2  0.2  32576
31684   7.4  0.4  64016
Mon Oct  5 09:22:37 -05 2026
31765  14.3  0.2  33696
31684  61.3  0.5  76256
Mon Oct  5 09:22:42 -05 2026
31765  22.8  0.2  33712
31684  74.1  0.4  70160
Mon Oct  5 09:22:47 -05 2026
31765  13.9  0.2  33680
31684  48.5  0.5  79376
Mon Oct  5 09:22:52 -05 2026
31765   6.7  0.2  32720
31684  48.0  0.4  61568
Mon Oct  5 09:22:57 -05 2026
31765  14.9  0.2  33456
31684  55.2  0.5  81472
Mon Oct  5 09:23:02 -05 2026
31765  16.3  0.2  33680
31684  52.5  0.4  64848
Mon Oct  5 09:23:07 -05 2026
31765  13.3  0.2  33520
31684  45.5  0.5  81552
Mon Oct  5 09:23:12 -05 2026
31765  23.6  0.2  33344
31684  67.7  0.4  62624
Mon Oct  5 09:23:17 -05 2026
31765  19.1  0.2  33616
31684  44.6  0.4  68640
Mon Oct  5 09:23:22 -05 2026
31765   0.4  0.2  32352
31684  21.6  0.4  69168
Mon Oct  5 09:23:28 -05 2026
31765   0.5  0.2  31904
31684  10.9  0.5  80240
Mon Oct  5 09:23:33 -05 2026
31765  21.5  0.2  32400
31684  59.3  0.4  70896
Mon Oct  5 09:23:38 -05 2026
31765  11.1  0.2  32352
31684  29.5  0.4  69600
Mon Oct  5 09:23:44 -05 2026
31765  15.5  0.2  32080
31684  37.2  0.4  68752
Mon Oct  5 09:23:49 -05 2026
31765  23.3  0.2  32416
31684  87.8  0.4  67328
Mon Oct  5 09:23:54 -05 2026
31765  22.0  0.3  47440
31684  68.8  0.4  73648
Mon Oct  5 09:23:59 -05 2026
31765  18.1  0.2  32752
31684  61.6  0.4  64304
Mon Oct  5 09:24:04 -05 2026
31765  17.9  0.2  32848
31684  55.8  0.4  67040
Mon Oct  5 09:24:09 -05 2026
31765  16.5  0.2  32608
31684  64.6  0.5  77824
Mon Oct  5 09:24:14 -05 2026
31765  30.8  0.2  32896
31684 106.1  0.4  72048
Mon Oct  5 09:24:19 -05 2026
31765  15.7  0.2  32880
31684  70.4  0.5  85680
Mon Oct  5 09:24:24 -05 2026
31765  26.7  0.3  48048
31684  56.2  0.5  76912
Mon Oct  5 09:24:29 -05 2026
31765   0.2  0.1  13616
31684   0.1  0.1  17872
Mon Oct  5 09:24:34 -05 2026
31765   0.2  0.1  12704
31684   0.1  0.2  27072
Mon Oct  5 09:24:39 -05 2026
31765   0.2  0.1  12912
31684   0.2  0.2  27248
Mon Oct  5 09:24:45 -05 2026
31765   0.1  0.1  12640
31684   0.2  0.2  26176
Mon Oct  5 09:24:50 -05 2026
31765   0.3  0.1  12624
31684   0.2  0.2  26432
Mon Oct  5 09:24:55 -05 2026
31765   0.1  0.1  12752
31684   0.1  0.2  26368
Mon Oct  5 09:25:00 -05 2026
31765   0.2  0.1  12512
31684   0.1  0.2  27280
